A:\data\hackathon_2023_1\foreground\2023-06-22_12-53-28_21.bmp 122,61,150,100,0 123,13,145,69,1
A:\data\hackathon_2023_1\foreground\2023-06-22_12-54-47_66.bmp 62,2,288,134,0
A:\data\hackathon_2023_1\foreground\2023-06-22_12-55-53_103.bmp 121,183,163,235,0 108,143,149,218,1
A:\data\hackathon_2023_1\foreground\2023-06-22_12-54-28_55.bmp 126,34,170,124,0 131,108,180,175,1
A:\data\hackathon_2023_1\foreground\2023-06-22_12-54-07_43.bmp 81,129,128,177,0 123,126,153,187,1
A:\data\hackathon_2023_1\foreground\2023-06-22_12-56-06_110.bmp 141,107,172,155,0 127,80,159,130,1
A:\data\hackathon_2023_1\foreground\2023-06-22_12-54-21_51.bmp 119,12,155,98,0 121,92,163,140,1
A:\data\hackathon_2023_1\foreground\2023-06-22_12-56-02_108.bmp 139,4,178,38,0 175,3,198,44,1
A:\data\hackathon_2023_1\foreground\2023-06-22_12-53-44_30.bmp 140,89,234,234,0 121,3,199,140,1
A:\data\hackathon_2023_1\foreground\2023-06-22_12-55-12_80.bmp 125,149,155,203,0 118,194,154,233,1
A:\data\hackathon_2023_1\foreground\2023-06-22_12-54-23_52.bmp 123,5,159,94,0 124,86,169,139,1
A:\data\hackathon_2023_1\foreground\2023-06-22_12-55-32_91.bmp 233,104,283,147,0 279,102,289,148,1
A:\data\hackathon_2023_1\foreground\2023-06-22_12-53-49_33.bmp 171,118,214,190,0 154,84,195,153,1
A:\data\hackathon_2023_1\foreground\2023-06-22_12-56-11_113.bmp 156,103,191,153,0 167,52,195,121,1
A:\data\hackathon_2023_1\foreground\2023-06-22_12-55-21_85.bmp 183,170,202,217,0 183,214,194,235,1
A:\data\hackathon_2023_1\foreground\2023-06-22_12-53-58_38.bmp 119,99,162,159,0 120,4,161,109,1
A:\data\hackathon_2023_1\foreground\2023-06-22_12-54-51_68.bmp 142,4,235,102,0 215,4,282,84,1
A:\data\hackathon_2023_1\foreground\2023-06-22_12-54-24_53.bmp 129,16,175,101,0 137,86,186,139,1
A:\data\hackathon_2023_1\foreground\2023-06-22_12-54-12_46.bmp 128,161,169,196,0 120,83,164,170,1
A:\data\hackathon_2023_1\foreground\2023-06-22_12-54-26_54.bmp 132,26,180,113,0 143,101,188,157,1
A:\data\hackathon_2023_1\foreground\2023-06-22_12-54-01_40.bmp 139,68,182,137,0 123,16,165,98,1
A:\data\hackathon_2023_1\foreground\2023-06-22_12-55-02_74.bmp 136,24,180,80,0 158,6,197,68,1
A:\data\hackathon_2023_1\foreground\2023-06-22_12-54-19_50.bmp 118,28,155,120,0 119,109,163,163,1
A:\data\hackathon_2023_1\foreground\2023-06-22_12-56-18_117.bmp 168,152,198,194,0 166,105,191,162,1
A:\data\hackathon_2023_1\foreground\2023-06-22_12-56-15_115.bmp 152,133,181,170,0 158,81,180,137,1
A:\data\hackathon_2023_1\foreground\2023-06-22_12-53-38_27.bmp 164,86,225,165,0 168,3,219,87,1
A:\data\hackathon_2023_1\foreground\2023-06-22_12-56-13_114.bmp 186,72,216,115,0 188,9,215,78,1
A:\data\hackathon_2023_1\foreground\2023-06-22_12-55-34_92.bmp 195,148,247,196,0 237,139,268,199,1
A:\data\hackathon_2023_1\foreground\2023-06-22_12-53-45_31.bmp 151,130,204,213,0 138,64,184,161,1
A:\data\hackathon_2023_1\foreground\2023-06-22_12-56-00_107.bmp 172,113,210,170,0 190,84,225,143,1
A:\data\hackathon_2023_1\foreground\2023-06-22_12-53-24_19.bmp 103,38,142,91,0 105,3,134,47,1
A:\data\hackathon_2023_1\foreground\2023-06-22_12-53-26_20.bmp 119,59,147,99,0 120,10,141,66,1
A:\data\hackathon_2023_1\foreground\2023-06-22_12-54-35_59.bmp 198,6,287,80,0
A:\data\hackathon_2023_1\foreground\2023-06-22_12-55-30_90.bmp 216,108,270,156,0 258,102,286,156,1
A:\data\hackathon_2023_1\foreground\2023-06-22_12-56-16_116.bmp 169,136,199,176,0 170,86,192,144,1
A:\data\hackathon_2023_1\foreground\2023-06-22_12-54-00_39.bmp 135,111,172,155,0 139,43,170,115,1
A:\data\hackathon_2023_1\foreground\2023-06-22_12-53-54_36.bmp 117,106,153,168,0 117,36,152,128,1
A:\data\hackathon_2023_1\foreground\2023-06-22_12-53-37_26.bmp 203,63,263,159,0 189,4,241,98,1
A:\data\hackathon_2023_1\foreground\2023-06-22_12-55-23_86.bmp 184,130,219,167,0 204,133,239,186,1
A:\data\hackathon_2023_1\foreground\2023-06-22_12-53-47_32.bmp 143,113,192,192,0 131,53,174,142,1
A:\data\hackathon_2023_1\foreground\2023-06-22_12-55-35_93.bmp 204,137,253,186,0 246,136,276,186,1
A:\data\hackathon_2023_1\foreground\2023-06-22_12-55-51_102.bmp 83,185,120,235,0 83,115,115,202,1
A:\data\hackathon_2023_1\foreground\2023-06-22_12-55-00_73.bmp 147,5,195,54,0 183,4,219,49,1
A:\data\hackathon_2023_1\foreground\2023-06-22_12-54-56_71.bmp 226,16,281,65,0
A:\data\hackathon_2023_1\foreground\2023-06-22_12-54-08_44.bmp 171,60,211,117,0 171,4,200,74,1
A:\data\hackathon_2023_1\foreground\2023-06-22_12-53-56_37.bmp 142,99,180,152,0 145,20,180,111,1
A:\data\hackathon_2023_1\foreground\2023-06-22_12-54-16_48.bmp 158,59,190,136,0 158,132,196,173,1
A:\data\hackathon_2023_1\foreground\2023-06-22_12-55-20_84.bmp 150,141,194,182,0 189,139,217,194,1
A:\data\hackathon_2023_1\foreground\2023-06-22_12-54-30_56.bmp 196,15,239,121,0 196,119,240,170,1
A:\data\hackathon_2023_1\foreground\2023-06-22_12-55-46_99.bmp 89,81,142,142,0 130,62,170,136,1
A:\data\hackathon_2023_1\foreground\2023-06-22_12-56-07_111.bmp 83,103,123,154,0 107,114,141,172,1
